   4    8 
  0.00   0.00  5.00   5.00 
  0.00   0.00   0.00  50.00   0.00   0.00   0.00  40.00   
  0.00   0.00   0.00  10.00   0.00   0.00   0.00  10.00   
  0.00   0.00   0.00   0.00   0.00   0.00   0.00   0.00   
  0.00   0.00   0.00  50.00   0.00   0.00   0.00  40.00   
  0.00   0.00   0.00  10.00   0.00   0.00   0.00  10.00   
  0.00   0.00   0.00   0.00   0.00   0.00   0.00   0.00   
  0.00   0.00   0.00  45.00   0.00   0.00   0.00  35.00   
  0.00   0.00   0.00   5.00   0.00   0.00   0.00   5.00   
  0.00   0.00   0.00   0.00   0.00   0.00   0.00   0.00   
  0.00   0.00   0.00  45.00   0.00   0.00   0.00  35.00   
  0.00   0.00   0.00   5.00   0.00   0.00   0.00   5.00   
  0.00   0.00   0.00   0.00   0.00   0.00   0.00   0.00   
   2 
 4  40.00  45.00   0.00 1 
 8  30.00  35.00   0.00 1 
  0.00 
 19998.00 
  
 