   4    8 
  0.00   0.00  1.10   1.20 
  0.00   0.00   0.00  14.08   0.00   0.00   0.00  14.08   
  0.00  11.70   0.00  13.30   0.00  11.70   0.00  13.30   
  0.00  11.70   0.00   0.00   0.00  11.70   0.00   0.00   
  0.00   0.00   0.00  107.10   0.00   0.00   0.00  107.10   
  0.00  37.70   0.00  108.30   0.00  37.70   0.00  108.30   
  0.00  11.70   0.00   0.00   0.00  11.70   0.00   0.00   
  0.00   0.00   0.00   5.78   0.00   0.00   0.00   5.78   
  0.00   5.00   0.00   5.00   0.00   5.00   0.00   5.00   
  0.00   5.00   0.00   0.00   0.00   5.00   0.00   0.00   
  0.00   0.00   0.00  98.80   0.00   0.00   0.00  98.80   
  0.00  31.00   0.00  100.00   0.00  31.00   0.00  100.00   
  0.00   5.00   0.00   0.00   0.00   5.00   0.00   0.00   
   2 
 4   1.00   5.78   0.00 1 
 8   1.00   5.78   0.00 1 
  0.00 
 852.13 
  
 