   2    6 
  3.40   3.40  0.00   0.00 
  0.00  10.00  21.60  10.00   0.00  10.00  10.00  21.60   
 10.00  10.00  10.00  10.00  10.00  10.00  10.00  10.00   
 10.00   0.00   0.00   0.00  10.00   0.00   0.00   0.00   
  0.00  20.60  45.25  40.00   0.00  20.60  45.25  40.00   
 40.00  40.00  45.25  40.00  40.00  40.00  45.25  40.00   
 10.00   0.00   0.00   0.00  10.00   0.00   0.00   0.00   
  0.00   5.00  16.60   5.00   0.00   5.00   5.00  16.60   
  5.00   5.00   5.00   5.00   5.00   5.00   5.00   5.00   
  5.00   0.00   0.00   0.00   5.00   0.00   0.00   0.00   
  0.00  15.60  40.25  35.00   0.00  15.60  40.25  35.00   
 35.00  35.00  40.25  35.00  35.00  35.00  40.25  35.00   
  5.00   0.00   0.00   0.00   5.00   0.00   0.00   0.00   
   1 
 3  24.00  30.00   0.00 2 
  0.00 
 1364.80 
  
 