   3    8 
  0.00   0.00  5.00  10.00 
  0.00   0.00   5.00  15.00   0.00   0.00   0.00  20.00   
  0.00  15.00  10.00  15.00  15.00   0.00  10.00  15.00   
  0.00  15.00   0.00   0.00  15.00   0.00  10.00   0.00   
  0.00   0.00   5.00  15.00   0.00   0.00   0.00  20.00   
  0.00  15.00  55.00  55.00  15.00   0.00  55.00  55.00   
  0.00  55.00   0.00   0.00  55.00   0.00  10.00   0.00   
  0.00   0.00   0.00  10.00   0.00   0.00   0.00  15.00   
  0.00  10.00   5.00  10.00  10.00   0.00   5.00  10.00   
  0.00  10.00   0.00   0.00  10.00   0.00   5.00   0.00   
  0.00   0.00   0.00  10.00   0.00   0.00   0.00  15.00   
  0.00  10.00  50.00  50.00  10.00   0.00  50.00  50.00   
  0.00  50.00   0.00   0.00  50.00   0.00   5.00   0.00   
   4 
 12  15.00  18.00   5.00 1 
 4  10.00  13.00   0.00 1 
 15  15.00  18.00   5.00 1 
 17  10.00  13.00  25.00 1 
 35.00 
 385.00 
  
 