   2    6 
  0.00   0.00 10.10  10.10 
  0.00   0.00   0.00   0.00   0.00   0.00   0.00   0.00   
  0.00   0.00   0.00   0.00   0.00   0.00   0.00   0.00   
  0.00   0.00   0.00   0.00   0.00   0.00   0.00   0.00   
  0.00   0.00   0.00   0.00   0.00   0.00   0.00   0.00   
  0.00   0.00   0.00   0.00   0.00   0.00   0.00   0.00   
  0.00   0.00   0.00   0.00   0.00   0.00   0.00   0.00   
  0.00   0.00   0.00   0.00   0.00   0.00   0.00   0.00   
  0.00   0.00   0.00   0.00   0.00   0.00   0.00   0.00   
  0.00   0.00   0.00   0.00   0.00   0.00   0.00   0.00   
  0.00   0.00   0.00   0.00   0.00   0.00   0.00   0.00   
  0.00   0.00   0.00   0.00   0.00   0.00   0.00   0.00   
  0.00   0.00   0.00   0.00   0.00   0.00   0.00   0.00   
   1 
 2   1.00   6.60   0.00 1 
  0.00 
  0.00 
  
 