   2    6 
  0.00   0.00  6.95  23.34 
  0.00  28.00   9.00   9.00   0.00  28.00   9.00   9.00   
  9.00   9.00   9.00   9.00   9.00   9.00   9.00   9.00   
  9.00   0.00   0.00   0.00   9.00   0.00   0.00   0.00   
  0.00  37.30  39.00  39.00   0.00  37.30  39.00  39.00   
 39.00  44.25  39.00  39.00  39.00  44.25  39.00  39.00   
  9.00   0.00   0.00   0.00   9.00   0.00   0.00   0.00   
  0.00  24.00   5.00   5.00   0.00  24.00   5.00   5.00   
  5.00   5.00   5.00   5.00   5.00   5.00   5.00   5.00   
  5.00   0.00   0.00   0.00   5.00   0.00   0.00   0.00   
  0.00  33.30  35.00  35.00   0.00  33.30  35.00  35.00   
 35.00  40.25  35.00  35.00  35.00  40.25  35.00  35.00   
  5.00   0.00   0.00   0.00   5.00   0.00   0.00   0.00   
   1 
 2  18.00  24.00   0.00 2 
   0 
  0.00 
  0.00 
 1421.74 
  
 