   4    8 
  0.80   0.00  0.00   0.40 
  0.00   0.00   0.00  10.00   0.00   0.00   0.00  10.80   
  0.00  20.00  10.00  10.00  10.00  10.00  10.00  10.00   
  0.00  20.00  10.00   0.00  10.00  10.00  10.00   0.00   
  0.00   0.00   0.00  44.05   0.00   0.00   0.00  44.85   
  0.00  40.00  40.00  45.25  30.00  10.00  40.00  45.25   
  0.00  40.00  10.00   0.00  30.00  10.00  10.00   0.00   
  0.00   0.00   0.00   5.00   0.00   0.00   0.00   5.80   
  0.00  15.00   5.00   5.00   5.00   5.00   5.00   5.00   
  0.00  15.00   5.00   0.00   5.00   5.00   5.00   0.00   
  0.00   0.00   0.00  39.05   0.00   0.00   0.00  39.85   
  0.00  35.00  35.00  40.25  25.00   5.00  35.00  40.25   
  0.00  35.00   5.00   0.00  25.00   5.00   5.00   0.00   
   1 
 8   1.00   4.00   0.00 2 
   0 
  0.00 
  0.00 
 1208.22 
  
 