   2    5 
  0.60   0.60  0.00   0.00 
  0.00  21.50   0.00  22.00  21.50   0.00   0.00  22.00   
  0.00  21.50   0.00  22.00  21.50   0.00   0.00  22.00   
  0.00   0.00   0.00   0.00   0.00   0.00   0.00   0.00   
  0.00  104.00   0.00  36.00  104.00   0.00   0.00  36.00   
  0.00  104.00   0.00  22.00  104.00   0.00   0.00  22.00   
  0.00   0.00   0.00   0.00   0.00   0.00   0.00   0.00   
  0.00  15.00   0.00  15.00  17.50   0.00   0.00  15.00   
  0.00  15.00   0.00  15.00  17.50   0.00   0.00  15.00   
  0.00   0.00   0.00   0.00   0.00   0.00   0.00   0.00   
  0.00  97.50   0.00  29.00  100.00   0.00   0.00  29.00   
  0.00  97.50   0.00  15.00  100.00   0.00   0.00  15.00   
  0.00   0.00   0.00   0.00   0.00   0.00   0.00   0.00   
   2 
 2   1.00   6.38   0.00 1 
 5   1.00   6.38   0.00 1 
  0.00 
 716.00 
  
 