   1    6 
  0.00   0.00  4.00  15.00 
  8.54   0.00   0.00  15.60   0.00   8.54   0.00  15.60   
 21.00   0.00   0.00  15.60   0.00  21.00   0.00  15.60   
  0.00   0.00   0.00   0.00   0.00   0.00   0.00   0.00   
 91.00   0.00   0.00  47.60   0.00  91.00   0.00  47.60   
 104.00   0.00   0.00  15.60   0.00  104.00   0.00  15.60   
  0.00   0.00   0.00   0.00   0.00   0.00   0.00   0.00   
  4.54   0.00   0.00   8.00   0.00   2.54   0.00   8.00   
 17.00   0.00   0.00   8.00   0.00  15.00   0.00   8.00   
  0.00   0.00   0.00   0.00   0.00   0.00   0.00   0.00   
 87.00   0.00   0.00  40.00   0.00  85.00   0.00  40.00   
 100.00   0.00   0.00   8.00   0.00  98.00   0.00   8.00   
  0.00   0.00   0.00   0.00   0.00   0.00   0.00   0.00   
   2 
 1   1.00   2.54   0.00 1 
 6   1.00   2.54   0.00 1 
  0.00 
 788.74 
  
 