   3    8 
  0.00   0.00 10.00  10.00 
  0.00   0.00   5.00  50.00   0.00   0.00   0.00  55.00   
  0.00  10.00  10.00  10.00  10.00   0.00  10.00  10.00   
  0.00  10.00   0.00   0.00  10.00   0.00  10.00   0.00   
  0.00   0.00  85.00  10.00   0.00   0.00   0.00  95.00   
  0.00  105.00  105.00  105.00  105.00   0.00  105.00  105.00   
  0.00  105.00   0.00   0.00  105.00   0.00  10.00   0.00   
  0.00   0.00   0.00  45.00   0.00   0.00   0.00  50.00   
  0.00   5.00   5.00   5.00   5.00   0.00   5.00   5.00   
  0.00   5.00   0.00   0.00   5.00   0.00   5.00   0.00   
  0.00   0.00  80.00   5.00   0.00   0.00   0.00  90.00   
  0.00  100.00  100.00  100.00  100.00   0.00  100.00  100.00   
  0.00  100.00   0.00   0.00  100.00   0.00   5.00   0.00   
   4 
 12  40.00  45.00  55.00 0 
 4  45.00  50.00  40.00 0 
 15  40.00  45.00  55.00 0 
 17  45.00  50.00  155.00 0 
  0.00 
 1960.00 
  
 