   3    7 
  0.00   0.00  5.00   5.00 
  0.00   0.00   5.00  10.00   0.00   0.00   5.00  10.00   
 10.00  30.00  21.25  30.00  10.00  30.00  21.25  30.00   
 30.00  33.75   0.00   0.00  30.00  33.75   0.00   0.00   
  0.00   0.00   5.00  10.00   0.00   0.00   5.00  10.00   
 10.00  33.75  30.00  30.00  10.00  33.75  30.00  30.00   
 17.50  33.75   0.00   0.00  17.50  33.75   0.00   0.00   
  0.00   0.00   0.00   5.00   0.00   0.00   0.00   5.00   
  5.00  25.00  16.25  25.00   5.00  25.00  16.25  25.00   
 25.00  28.75   0.00   0.00  25.00  28.75   0.00   0.00   
  0.00   0.00   0.00   5.00   0.00   0.00   0.00   5.00   
  5.00  28.75  25.00  25.00   5.00  28.75  25.00  25.00   
 12.50  28.75   0.00   0.00  12.50  28.75   0.00   0.00   
   4 
 12  20.00  45.00   5.00 2 
 22  140.00  165.00   0.00 2 
 16  20.00  45.00   5.00 2 
 26  140.00  165.00   0.00 2 
 100.00 
 57.50 
  
 