   4    7 
  0.00   0.00 10.00  10.00 
  0.00   0.00   0.00  45.00   0.00   0.00   5.00  40.00   
 10.00  10.00  10.00  10.00  10.00  10.00  10.00  10.00   
 10.00  10.00  10.00   0.00  10.00  10.00   0.00   0.00   
  0.00   0.00   0.00  101.46   0.00   0.00  48.23  53.23   
 40.00  40.00  58.23  58.23  40.00  40.00  58.23  58.23   
 40.00  40.00  10.00   0.00  40.00  40.00   0.00   0.00   
  0.00   0.00   0.00  40.00   0.00   0.00   0.00  35.00   
  5.00   5.00   5.00   5.00   5.00   5.00   5.00   5.00   
  5.00   5.00   5.00   0.00   5.00   5.00   0.00   0.00   
  0.00   0.00   0.00  96.46   0.00   0.00  43.23  48.23   
 35.00  35.00  53.23  53.23  35.00  35.00  53.23  53.23   
 35.00  35.00   5.00   0.00  35.00  35.00   0.00   0.00   
   2 
 13  24.00  29.00  157.46 2 
 4  35.00  40.00   0.00 3 
 -0.00 
 2075.99 
  
 