   2    0 
  2.10   0.00  0.00   0.00 
  0.00   0.00   0.00   0.00   0.00   0.00   0.00   0.00   
  0.00   0.00   0.00   0.00   0.00   0.00   0.00   0.00   
  0.00   0.00   0.00   0.00   0.00   0.00   0.00   0.00   
  0.00   0.00   0.00   0.00   0.00   0.00   0.00   0.00   
  0.00   0.00   0.00   0.00   0.00   0.00   0.00   0.00   
  0.00   0.00   0.00   0.00   0.00   0.00   0.00   0.00   
  0.00   0.00   0.00   0.00   0.00   0.00   0.00   0.00   
  0.00   0.00   0.00   0.00   0.00   0.00   0.00   0.00   
  0.00   0.00   0.00   0.00   0.00   0.00   0.00   0.00   
  0.00   0.00   0.00   0.00   0.00   0.00   0.00   0.00   
  0.00   0.00   0.00   0.00   0.00   0.00   0.00   0.00   
  0.00   0.00   0.00   0.00   0.00   0.00   0.00   0.00   
   1 
 2   1.00   3.00   0.00 1 
  0.00 
  0.00 
  
 