   2    6 
  0.00   0.00  5.00   5.00 
  0.00   8.31   0.00   9.00   0.00   8.31   0.00   9.00   
  0.00   9.00   0.00   9.00   0.00   9.00   0.00   9.00   
  0.00   0.00   0.00   0.00   0.00   0.00   0.00   0.00   
  0.00  34.00   0.00  39.00   0.00  34.00   0.00  39.00   
  0.00  39.00   0.00   9.00   0.00  39.00   0.00   9.00   
  0.00   0.00   0.00   0.00   0.00   0.00   0.00   0.00   
  0.00   4.31   0.00   5.00   0.00   4.31   0.00   5.00   
  0.00   5.00   0.00   5.00   0.00   5.00   0.00   5.00   
  0.00   0.00   0.00   0.00   0.00   0.00   0.00   0.00   
  0.00  30.00   0.00  35.00   0.00  30.00   0.00  35.00   
  0.00  35.00   0.00   5.00   0.00  35.00   0.00   5.00   
  0.00   0.00   0.00   0.00   0.00   0.00   0.00   0.00   
   1 
 2   1.00   4.31   0.00 1 
  0.00 
 334.16 
  
 