   2    5 
  0.00   0.00  0.24   0.24 
  0.00  24.00   9.00   9.00   8.76  15.24   9.00   9.00   
  9.00   7.00   9.00   9.00   9.00   7.00   9.00   9.00   
  9.00   0.00   0.00   0.00   0.00   0.00   0.00   0.00   
  0.00  79.01  39.00  39.00  38.76  40.25  39.00  39.00   
 39.00  44.25  39.00  39.00  39.00  44.25  39.00  39.00   
  9.00   0.00   0.00   0.00   0.00   0.00   0.00   0.00   
  0.00  20.00   5.00   5.00   4.76  11.24   5.00   5.00   
  5.00   3.00   5.00   5.00   5.00   3.00   5.00   5.00   
  5.00   0.00   0.00   0.00   0.00   0.00   0.00   0.00   
  0.00  75.01  35.00  35.00  34.76  36.25  35.00  35.00   
 35.00  40.25  35.00  35.00  35.00  40.25  35.00  35.00   
  5.00   0.00   0.00   0.00   0.00   0.00   0.00   0.00   
   1 
 2  14.00  20.00   0.00 2 
   0 
  0.00 
  0.00 
 1861.44 
  
 