   2    6 
  0.00   0.00  5.46   0.56 
  0.00  10.00   9.00   9.00   0.00  10.00   9.00   9.00   
  9.00   9.00   9.00   9.00   9.00   9.00   9.00   9.00   
  9.00   0.00   0.00   0.00   9.00   0.00   0.00   0.00   
  0.00  43.69  39.00  39.00   0.00  43.69  39.00  39.00   
 39.00  44.25  39.00  39.00  39.00  44.25  39.00  39.00   
  9.00   0.00   0.00   0.00   9.00   0.00   0.00   0.00   
  0.00   6.00   5.00   5.00   0.00   6.00   5.00   5.00   
  5.00   5.00   5.00   5.00   5.00   5.00   5.00   5.00   
  5.00   0.00   0.00   0.00   5.00   0.00   0.00   0.00   
  0.00  39.69  35.00  35.00   0.00  39.69  35.00  35.00   
 35.00  40.25  35.00  35.00  35.00  40.25  35.00  35.00   
  5.00   0.00   0.00   0.00   5.00   0.00   0.00   0.00   
   1 
 2   1.00   6.00   0.00 2 
   0 
  0.00 
  0.00 
 1763.13 
  
 